points 
 2 
 40.0 
default_description
-9.7891 -16.7223 nan
-19.6048 -0.4761 nan
-14.4309 13.2917 nan
-3.9733 -18.8679 nan
2.1500 19.3032 nan
-19.2649 3.7728 nan
12.2850 14.8236 nan
11.7124 -15.0633 nan
-16.5765 -10.2896 nan
-12.1079 -15.1817 nan
-15.8608 11.5646 nan
-17.2489 9.3827 nan
-2.1493 19.3645 nan
18.6491 -3.8829 nan
16.9857 -8.6123 nan
-19.0970 -4.3263 nan
-17.4384 -8.7964 nan
-6.2825 -18.2679 nan
10.7554 -15.7723 nan
5.8339 -18.2355 nan
-5.8026 -18.4179 nan
5.2129 -18.4306 nan
14.0694 13.0895 nan
-2.6530 -19.0782 nan
18.9162 2.5244 nan
-1.6303 -19.1774 nan
18.9928 -1.5764 nan
0.8362 -19.1932 nan
6.2232 18.3318 nan
-19.5089 -1.8967 nan
1.5942 -19.1347 nan
-1.3652 19.4248 nan
-16.6425 -10.1855 nan
-3.2662 -18.9922 nan
-19.4786 -2.1680 nan
-13.4031 14.3161 nan
-19.6027 -0.5426 nan
-8.7430 17.5026 nan
-17.2694 -9.1145 nan
9.3933 -16.6359 nan
17.7412 7.1525 nan
-14.2712 13.4612 nan
11.8802 15.1598 nan
-1.8859 19.3883 nan
-15.0781 -12.3295 nan
-1.9833 19.3799 nan
18.9656 -1.8612 nan
-16.1725 -10.8971 nan
-14.2330 13.5012 nan
12.1655 14.9248 nan
14.4481 -12.4276 nan
-16.9918 -9.6083 nan
2.6786 -18.9985 nan
1.3155 -19.1597 nan
18.9948 1.7832 nan
0.2989 -19.2166 nan
0.2615 -19.2177 nan
-1.8573 -19.1601 nan
18.1554 5.9825 nan
1.4475 -19.1484 nan
18.7925 3.3617 nan
2.1817 19.2992 nan
1.7963 19.3446 nan
-10.9841 -15.9885 nan
-19.5955 0.9588 nan
-19.5815 -1.0026 nan
-15.1499 -12.2437 nan
14.3560 12.7655 nan
13.0277 14.1555 nan
-16.3093 10.9275 nan
-1.6481 -19.1762 nan
5.6102 -18.3084 nan
-7.6928 -17.7454 nan
18.0638 -6.0323 nan
10.3197 16.2966 nan
17.1412 -8.2977 nan
3.6536 -18.8222 nan
-19.4501 -2.3960 nan
-3.6284 -18.9319 nan
-5.3044 18.7899 nan
1.1883 -19.1698 nan
17.5838 7.5428 nan
-19.6000 -0.6176 nan
-6.9244 -18.0455 nan
14.2907 -12.6101 nan
15.0535 -11.6802 nan
19.0258 1.3745 nan
14.7309 12.3185 nan
10.1550 -16.1727 nan
18.9356 2.3651 nan
16.3158 10.0574 nan
-17.7958 -8.0713 nan
-6.4373 -18.2166 nan
-9.4169 -16.9272 nan
16.2695 -9.9037 nan
-17.2493 9.3820 nan
9.3595 16.8859 nan
-19.5285 -1.6995 nan
8.6566 17.2706 nan
13.5109 13.6814 nan
