points 
 2 
 40 
default_description
-11.2748 -15.9484 37.8870
-18.8312 3.3534 17.6762
-16.2613 12.9351 37.4021
-4.2384 -19.7776 40.0000
1.7668 17.6878 2.0539
-17.5707 4.6962 -0.0507
14.2308 13.8574 40.0000
11.2400 -14.3114 21.2040
-15.4826 -9.4345 11.4482
-12.1086 -14.3284 19.6915
-15.9974 11.8030 36.3313
-17.2342 11.6475 36.7198
-2.0428 17.9633 13.4521
17.0336 -4.4491 22.1397
16.7995 -9.1062 40.0000
-16.6057 -6.9601 6.5176
-19.0527 -7.7807 40.0000
-6.8418 -18.4997 38.0455
9.8042 -15.3995 18.8348
6.5381 -17.1215 24.5814
-5.5678 -19.8366 40.0000
4.1304 -18.9319 40.0000
13.1266 12.1570 14.9231
-0.1707 -18.0359 21.8042
18.0296 1.8278 24.3761
1.8748 -20.4350 40.0000
18.0559 -2.1574 29.8774
0.8771 -18.7970 36.7226
5.1657 17.9562 15.1121
-21.5262 -1.2436 40.0000
3.2818 -20.4304 40.0000
-1.5639 18.9669 33.5108
-18.2606 -11.0333 40.0000
-5.2240 -17.2083 12.0014
-18.4461 -3.9049 25.2836
-12.8378 14.2114 23.4155
-19.6048 -1.2790 30.0411
-8.4452 15.8462 9.1549
-16.6842 -8.6418 28.8225
8.6488 -17.3569 33.7686
18.8482 7.2131 40.0000
-14.1535 12.8845 16.6176
12.2126 16.4388 40.0000
-0.4024 19.8754 38.3915
-13.5089 -12.7761 15.4450
-1.5437 20.0995 40.0000
16.8747 -2.6122 13.0319
-16.6459 -11.4086 40.0000
-10.1531 15.0850 9.4116
12.6281 15.5460 40.0000
14.6713 -10.9107 32.5253
-15.4004 -11.1804 22.4137
3.7281 -17.1922 21.1478
0.0271 -19.5769 40.0000
18.0602 -0.1617 23.4571
2.6380 -21.2722 40.0000
-1.8143 -19.0083 38.8602
-1.8836 -17.5877 13.3490
17.5670 5.6000 30.9734
1.9336 -17.7314 32.7147
17.2079 4.1149 22.1518
3.2780 19.0667 24.5597
0.6026 18.8932 21.4058
-9.9353 -15.3560 16.7288
-19.1633 1.4018 20.5322
-18.1998 -0.3143 4.7768
-15.6888 -12.4039 37.3014
14.2448 12.6134 33.8738
12.2195 13.9030 23.4172
-16.2848 9.7103 11.4698
-3.3962 -20.9984 40.0000
5.3342 -17.5847 31.5532
-8.6713 -16.7007 30.8543
16.5694 -6.4396 26.1883
11.1315 15.3049 22.9669
17.4062 -7.1879 40.0000
4.9458 -15.9552 1.9995
-18.0469 -5.6824 21.8743
-3.7257 -18.0722 22.9112
-3.8614 18.1404 20.0119
-1.2004 -20.2603 40.0000
17.1308 7.0254 25.7029
-20.5683 -2.0227 37.5335
-7.1580 -17.6774 33.4210
13.2654 -12.3206 22.0421
15.8240 -9.3373 36.1415
20.4981 0.1770 40.0000
14.7745 11.0016 20.4814
8.1831 -16.0054 13.2594
18.5119 3.5190 40.0000
16.5174 8.8290 29.4408
-18.8407 -6.8152 37.0747
-5.3528 -18.8668 38.3543
-9.7534 -18.2456 40.0000
15.5896 -8.2783 21.3678
-17.8327 7.3049 15.2447
9.2756 15.8081 13.3221
-18.8056 -2.9426 23.0658
6.9910 17.2665 16.3747
13.3488 14.8011 40.0000
